image: mapa_segundo_andar.pgm
resolution: 0.050000
origin: [-43.150002, -2.300000, 0.000000]
negate: 0
occupied_thresh: 0.65
free_thresh: 0.196

